{
  "nbformat": 4,
  "nbformat_minor": 0,
  "metadata": {
    "colab": {
      "name": "CS419_EffectsOfRegularization.ipynb",
      "provenance": [],
      "collapsed_sections": []
    },
    "kernelspec": {
      "name": "python3",
      "display_name": "Python 3"
    },
    "language_info": {
      "name": "python"
    }
  },
  "cells": [
    {
      "cell_type": "code",
      "execution_count": null,
      "metadata": {
        "id": "dipGARA3HhQA"
      },
      "outputs": [],
      "source": [
        "import numpy as np\n",
        "import matplotlib.pyplot as plt"
      ]
    },
    {
      "cell_type": "markdown",
      "source": [
        "Notation:\n",
        "\n",
        "n : number of datapoints\n",
        "\n",
        "d : number of features in each datapoint\n",
        "\n",
        "###*y = w'X + ϵ*\n",
        "\n",
        "dim(y) -> 1*n,\n",
        "\n",
        "dim(w) -> 1*d, \n",
        "\n",
        "dim(X) -> d*n"
      ],
      "metadata": {
        "id": "HVn1oi7GI-Ex"
      }
    },
    {
      "cell_type": "markdown",
      "source": [
        "MLE estimate w/o regularization : \n",
        "**w* = (XX')<sup>-1</sup>(y'X)**\n",
        "\n",
        "MLE estimate with regularization : \n",
        "**w* = (XX'+λI)<sup>-1</sup>(y'X)**\n",
        "\n"
      ],
      "metadata": {
        "id": "HhRGEroCMZmC"
      }
    },
    {
      "cell_type": "markdown",
      "source": [
        "## Case1: n < d   ( number of datapoints less than the number of features )"
      ],
      "metadata": {
        "id": "LEyfGGlvIzwn"
      }
    },
    {
      "cell_type": "code",
      "source": [
        "n = 5\n",
        "d = 10\n",
        "\n",
        "X = np.random.randn(d,n)\n",
        "y = np.random.randn(1,n)\n",
        "\n",
        "# The matrix has X has rank <= min(d,n) = 5\n",
        "# rank(X*X.T) <= min(rank(X), rank(X.T)) <= 5 ( so it is a 10*10 matrix with rank less than equal to 5 so it is definitely singular )"
      ],
      "metadata": {
        "id": "-cK17JrrIv38"
      },
      "execution_count": null,
      "outputs": []
    },
    {
      "cell_type": "markdown",
      "source": [
        "Without regularization"
      ],
      "metadata": {
        "id": "aALdP0CVO1lJ"
      }
    },
    {
      "cell_type": "code",
      "source": [
        "# The inverse is ill conditioned and not exactly singular bcoz of precision errors but nevertheless most elements in the inverse are blown up to 10^15\n",
        "np.linalg.inv(np.matmul(X,X.T))"
      ],
      "metadata": {
        "colab": {
          "base_uri": "https://localhost:8080/"
        },
        "id": "_cjAfgO7Nes3",
        "outputId": "37727ac2-bb6b-4840-c2a6-f9011fb91dfa"
      },
      "execution_count": null,
      "outputs": [
        {
          "output_type": "execute_result",
          "data": {
            "text/plain": [
              "array([[-4.97369030e+14,  1.70480716e+14,  7.74366738e+14,\n",
              "        -8.17256666e+14, -1.36546106e+15, -2.50671306e+14,\n",
              "        -2.42837365e+15,  9.11346939e+14, -5.84327741e+14,\n",
              "         1.37902470e+14],\n",
              "       [ 3.08731973e+14, -1.35809540e+15, -1.27915704e+14,\n",
              "        -1.49921490e+15, -3.40017131e+15,  6.43788768e+14,\n",
              "        -1.52234773e+15,  3.90529009e+14, -4.12696822e+14,\n",
              "        -2.00089803e+15],\n",
              "       [ 2.85654623e+14, -2.45866543e+14,  3.28499320e+13,\n",
              "         3.63397186e+14,  2.60790660e+15, -9.27306233e+14,\n",
              "         9.04251084e+14, -3.72136898e+14, -4.90119094e+13,\n",
              "         3.42799544e+14],\n",
              "       [ 6.98832168e+13, -9.74227191e+14,  4.94997741e+14,\n",
              "        -1.85148788e+15, -4.98780846e+15,  2.88082688e+14,\n",
              "        -3.87102318e+15,  1.07080979e+15, -9.70988537e+14,\n",
              "        -1.42971586e+15],\n",
              "       [ 2.31806042e+15,  1.00011843e+15, -5.10432768e+14,\n",
              "         3.97026532e+15,  2.65426830e+15, -6.03694222e+14,\n",
              "         3.16874547e+15, -2.41492816e+15,  7.44024970e+12,\n",
              "         3.49850314e+15],\n",
              "       [-3.53078722e+14, -1.87753407e+14, -6.37215082e+14,\n",
              "        -6.54270733e+14, -2.68319621e+14, -1.01610449e+15,\n",
              "        -6.97192502e+14,  3.32599837e+14,  3.30946116e+14,\n",
              "        -7.81333294e+14],\n",
              "       [ 6.61664708e+14,  7.33555892e+14, -6.95069735e+14,\n",
              "         1.01786539e+15, -2.78595691e+15, -4.20514364e+14,\n",
              "        -1.10637372e+15, -3.46013182e+14,  6.93952226e+13,\n",
              "         1.01718400e+15],\n",
              "       [ 1.21296933e+14, -8.29656181e+13, -3.15396068e+14,\n",
              "         5.31638112e+14,  2.27786231e+15,  4.32306512e+13,\n",
              "         2.08586858e+15, -5.76212337e+14,  4.21377847e+14,\n",
              "         1.06995116e+13],\n",
              "       [ 1.45401618e+14,  3.47499971e+12, -4.32592039e+14,\n",
              "         3.24695286e+13, -1.79309985e+15,  6.00016617e+14,\n",
              "         6.94999942e+12, -1.14365803e+14,  2.06187879e+14,\n",
              "        -3.69436903e+14],\n",
              "       [ 3.79548849e+14, -1.66799986e+15,  6.26717951e+14,\n",
              "        -2.07457483e+15, -4.00319967e+15,  2.22399982e+14,\n",
              "        -3.33599972e+15,  8.74607322e+14, -1.16936847e+15,\n",
              "        -1.89521967e+15]])"
            ]
          },
          "metadata": {},
          "execution_count": 3
        }
      ]
    },
    {
      "cell_type": "markdown",
      "source": [
        "With regularization"
      ],
      "metadata": {
        "id": "Fjj4vcVyO8jP"
      }
    },
    {
      "cell_type": "code",
      "source": [
        "# Adding a small noise to the diagonal elements makes the inverse well-conditioned\n",
        "LAMBDA = 0.01\n",
        "np.linalg.inv(np.matmul(X,X.T)+LAMBDA*np.eye(d))"
      ],
      "metadata": {
        "colab": {
          "base_uri": "https://localhost:8080/"
        },
        "id": "ohXxUob_O-8B",
        "outputId": "f2f8b515-5d7b-4259-af62-a51b5ae63442"
      },
      "execution_count": null,
      "outputs": [
        {
          "output_type": "execute_result",
          "data": {
            "text/plain": [
              "array([[ 47.40213205, -28.61229672,   0.61790597,  18.21773252,\n",
              "         -9.10312949,  -9.00836683,   4.53557587, -25.72555954,\n",
              "        -20.66330646,   5.97598853],\n",
              "       [-28.61229672,  45.46292581,  -5.74130203,  15.18579522,\n",
              "         -4.15076839,   3.43004877,  -1.8045226 ,  10.83216529,\n",
              "         19.12912148,  29.28937855],\n",
              "       [  0.61790597,  -5.74130203,  45.86486459,  -7.17217233,\n",
              "         15.41164926,  28.30137022, -15.98180149,   9.02156849,\n",
              "        -27.93731463,  15.42602639],\n",
              "       [ 18.21773252,  15.18579522,  -7.17217233,  35.4836665 ,\n",
              "         -4.28719265,  -2.69714983,  14.16684932, -18.25345796,\n",
              "          1.29888654,  33.11077881],\n",
              "       [ -9.10312949,  -4.15076839,  15.41164926,  -4.28719265,\n",
              "         88.10111321, -17.06556962,  18.59107963,   2.77421863,\n",
              "         -3.55320353,   5.49857889],\n",
              "       [ -9.00836683,   3.43004877,  28.30137022,  -2.69714983,\n",
              "        -17.06556962,  72.93782182,  26.88725321,   2.97267039,\n",
              "         -6.10031957,  -1.83208007],\n",
              "       [  4.53557587,  -1.8045226 , -15.98180149,  14.16684932,\n",
              "         18.59107963,  26.88725321,  64.49044033, -17.85060917,\n",
              "         16.88065502, -10.55868735],\n",
              "       [-25.72555954,  10.83216529,   9.02156849, -18.25345796,\n",
              "          2.77421863,   2.97267039, -17.85060917,  20.02583384,\n",
              "          3.13888616,  -4.65461674],\n",
              "       [-20.66330646,  19.12912148, -27.93731463,   1.29888654,\n",
              "         -3.55320353,  -6.10031957,  16.88065502,   3.13888616,\n",
              "         27.94935975,  -8.6538299 ],\n",
              "       [  5.97598853,  29.28937855,  15.42602639,  33.11077881,\n",
              "          5.49857889,  -1.83208007, -10.55868735,  -4.65461674,\n",
              "         -8.6538299 ,  54.22348466]])"
            ]
          },
          "metadata": {},
          "execution_count": 4
        }
      ]
    },
    {
      "cell_type": "markdown",
      "source": [
        "## Case2: n >= d   ( number of datapoints greater than the number of features )"
      ],
      "metadata": {
        "id": "C2K8vBGKKamS"
      }
    },
    {
      "cell_type": "code",
      "source": [
        "n = 20\n",
        "d = 10\n",
        "\n",
        "X = np.random.randn(d,n)\n",
        "y = np.random.randn(1,n)\n",
        "\n",
        "# Now the matrix wouldn't be singular with very high probability bcoz y would lie in the column space of 20 columns in R^10 with very high probability\n",
        "# But still the issue of ill conditioning can arise with some finite probability when the columns lie close to a plane in which y doesn't fall"
      ],
      "metadata": {
        "id": "VBClklVKKhYX"
      },
      "execution_count": null,
      "outputs": []
    },
    {
      "cell_type": "markdown",
      "source": [
        "Without regularization"
      ],
      "metadata": {
        "id": "f0xHet74QYG-"
      }
    },
    {
      "cell_type": "code",
      "source": [
        "# The inverse maybe well conditioned or ill conditioned\n",
        "np.linalg.inv(np.matmul(X,X.T))"
      ],
      "metadata": {
        "colab": {
          "base_uri": "https://localhost:8080/"
        },
        "id": "z8B6WPiaQcm8",
        "outputId": "7f08799b-025a-49d4-e06b-9e5dc57bae2b"
      },
      "execution_count": null,
      "outputs": [
        {
          "output_type": "execute_result",
          "data": {
            "text/plain": [
              "array([[ 1.20830649e-01,  1.38508089e-02, -3.55186376e-02,\n",
              "         7.97663626e-02, -1.04650660e-02,  2.02064692e-02,\n",
              "        -1.20066814e-02, -7.82705329e-02,  6.01107059e-02,\n",
              "         2.24026077e-02],\n",
              "       [ 1.38508089e-02,  1.71667325e-01, -6.49437905e-02,\n",
              "         6.20296009e-02, -2.16801297e-02, -6.75630606e-02,\n",
              "         1.53167021e-02, -3.55965385e-02, -5.69946767e-02,\n",
              "         5.53941756e-03],\n",
              "       [-3.55186376e-02, -6.49437905e-02,  1.12000563e-01,\n",
              "        -5.18300798e-02, -2.69993694e-02,  1.53664358e-02,\n",
              "        -2.25683728e-02,  6.32634332e-02, -5.13934570e-05,\n",
              "        -3.82471005e-03],\n",
              "       [ 7.97663626e-02,  6.20296009e-02, -5.18300798e-02,\n",
              "         2.75305190e-01,  4.37857740e-02, -1.80930987e-02,\n",
              "         4.29588215e-03, -2.13747347e-01,  3.02091739e-02,\n",
              "         3.18745936e-02],\n",
              "       [-1.04650660e-02, -2.16801297e-02, -2.69993694e-02,\n",
              "         4.37857740e-02,  9.39651285e-02,  1.96778097e-02,\n",
              "         1.50034929e-02, -4.96251647e-02,  1.59332285e-02,\n",
              "         1.00791475e-02],\n",
              "       [ 2.02064692e-02, -6.75630606e-02,  1.53664358e-02,\n",
              "        -1.80930987e-02,  1.96778097e-02,  1.17163412e-01,\n",
              "        -1.18849153e-02, -4.32870471e-02,  6.96199918e-02,\n",
              "         4.34763157e-02],\n",
              "       [-1.20066814e-02,  1.53167021e-02, -2.25683728e-02,\n",
              "         4.29588215e-03,  1.50034929e-02, -1.18849153e-02,\n",
              "         5.14898942e-02,  2.06453724e-02, -1.95147509e-03,\n",
              "        -2.03547929e-02],\n",
              "       [-7.82705329e-02, -3.55965385e-02,  6.32634332e-02,\n",
              "        -2.13747347e-01, -4.96251647e-02, -4.32870471e-02,\n",
              "         2.06453724e-02,  2.91816630e-01, -6.98422520e-02,\n",
              "        -7.13080066e-02],\n",
              "       [ 6.01107059e-02, -5.69946767e-02, -5.13934570e-05,\n",
              "         3.02091739e-02,  1.59332285e-02,  6.96199918e-02,\n",
              "        -1.95147509e-03, -6.98422520e-02,  1.78670324e-01,\n",
              "         1.98132642e-02],\n",
              "       [ 2.24026077e-02,  5.53941756e-03, -3.82471005e-03,\n",
              "         3.18745936e-02,  1.00791475e-02,  4.34763157e-02,\n",
              "        -2.03547929e-02, -7.13080066e-02,  1.98132642e-02,\n",
              "         7.65638929e-02]])"
            ]
          },
          "metadata": {},
          "execution_count": 6
        }
      ]
    },
    {
      "cell_type": "markdown",
      "source": [
        "With regularization"
      ],
      "metadata": {
        "id": "-2GYXQlwQXZj"
      }
    },
    {
      "cell_type": "code",
      "source": [
        "# Adding a small noise to the diagonal elements makes the inverse well-conditioned even if it was ill conditioned originally\n",
        "LAMBDA = 0.01\n",
        "np.linalg.inv(np.matmul(X,X.T)+LAMBDA*np.eye(d))"
      ],
      "metadata": {
        "colab": {
          "base_uri": "https://localhost:8080/"
        },
        "id": "6GKVKVJKQQu1",
        "outputId": "625c458a-797c-41cf-e060-7c42375860b3"
      },
      "execution_count": null,
      "outputs": [
        {
          "output_type": "execute_result",
          "data": {
            "text/plain": [
              "array([[ 1.20499012e-01,  1.37567474e-02, -3.53448512e-02,\n",
              "         7.92427676e-02, -1.05363036e-02,  2.01033123e-02,\n",
              "        -1.19738293e-02, -7.76892602e-02,  5.98440135e-02,\n",
              "         2.22538310e-02],\n",
              "       [ 1.37567474e-02,  1.71193511e-01, -6.46928438e-02,\n",
              "         6.16457278e-02, -2.16637591e-02, -6.73222775e-02,\n",
              "         1.52695801e-02, -3.53278233e-02, -5.67976982e-02,\n",
              "         5.52112451e-03],\n",
              "       [-3.53448512e-02, -6.46928438e-02,  1.11739595e-01,\n",
              "        -5.14112566e-02, -2.69071972e-02,  1.53169127e-02,\n",
              "        -2.25315611e-02,  6.28440137e-02, -1.35870778e-05,\n",
              "        -3.75339164e-03],\n",
              "       [ 7.92427676e-02,  6.16457278e-02, -5.14112566e-02,\n",
              "         2.73927400e-01,  4.35222950e-02, -1.81233027e-02,\n",
              "         4.31253750e-03, -2.12369336e-01,  2.99116396e-02,\n",
              "         3.15869702e-02],\n",
              "       [-1.05363036e-02, -2.16637591e-02, -2.69071972e-02,\n",
              "         4.35222950e-02,  9.38107491e-02,  1.96009547e-02,\n",
              "         1.49906671e-02, -4.93170286e-02,  1.58210581e-02,\n",
              "         1.00069171e-02],\n",
              "       [ 2.01033123e-02, -6.73222775e-02,  1.53169127e-02,\n",
              "        -1.81233027e-02,  1.96009547e-02,  1.16880269e-01,\n",
              "        -1.18318425e-02, -4.30759068e-02,  6.93277521e-02,\n",
              "         4.33490623e-02],\n",
              "       [-1.19738293e-02,  1.52695801e-02, -2.25315611e-02,\n",
              "         4.31253750e-03,  1.49906671e-02, -1.18318425e-02,\n",
              "         5.14422842e-02,  2.05807313e-02, -1.90822868e-03,\n",
              "        -2.03104843e-02],\n",
              "       [-7.76892602e-02, -3.53278233e-02,  6.28440137e-02,\n",
              "        -2.12369336e-01, -4.93170286e-02, -4.30759068e-02,\n",
              "         2.05807313e-02,  2.90256152e-01, -6.93725310e-02,\n",
              "        -7.09156455e-02],\n",
              "       [ 5.98440135e-02, -5.67976982e-02, -1.35870778e-05,\n",
              "         2.99116396e-02,  1.58210581e-02,  6.93277521e-02,\n",
              "        -1.90822868e-03, -6.93725310e-02,  1.78171433e-01,\n",
              "         1.96615216e-02],\n",
              "       [ 2.22538310e-02,  5.52112451e-03, -3.75339164e-03,\n",
              "         3.15869702e-02,  1.00069171e-02,  4.33490623e-02,\n",
              "        -2.03104843e-02, -7.09156455e-02,  1.96615216e-02,\n",
              "         7.64114328e-02]])"
            ]
          },
          "metadata": {},
          "execution_count": 7
        }
      ]
    },
    {
      "cell_type": "code",
      "source": [
        ""
      ],
      "metadata": {
        "id": "XYWRHgbKQl_0"
      },
      "execution_count": null,
      "outputs": []
    }
  ]
}